55 55 08 03 01 08 08 02 dc 05 （初始化）
55 55 08 03 01 08 08 05 dc 05 
55 55 08 03 01 08 08 04 c4 09 
55 55 08 03 01 08 08 06 41 03 
55 55 08 03 01 08 08 01 88 02 （夹取）
55 55 08 03 01 08 08 03  dc 05

55 55 08 03 01 08 08 01 f4 01  （小范围抓取）
55 55 08 03 01 08 08 05 dc 05 
55 55 08 03 01 08 08 04 c4 09 
55 55 08 03 01 08 08 06 41 03 
55 55 08 03 01 08 08 03  c4 09
55 55 08 03 01 08 08 02 29 07
55 55 08 03 01 08 08 01 88 02

55 55 08 03 01 08 08 02 dc 05 （初始化）
55 55 08 03 01 08 08 05 dc 05 
55 55 08 03 01 08 08 04 c4 09 
55 55 08 03 01 08 08 06 41 03 
55 55 08 03 01 08 08 01 88 02 （夹取）
55 55 08 03 01 08 08 03  dc 05


55 55 08 03 01 08 08 01 88 02   （小范围放置）
55 55 08 03 01 08 08 05 dc 05 
55 55 08 03 01 08 08 04 c4 09 
55 55 08 03 01 08 08 06 41 03 
55 55 08 03 01 08 08 02 dc 05
55 55 08 03 01 08 08 03  dc 05
55 55 08 03 01 08 08 03  f4 01
55 55 08 03 01 08 08 02 29 07
55 55 08 03 01 08 08 01 00 02 

55 55 08 03 01 08 08 02 dc 05 （初始化）
55 55 08 03 01 08 08 05 dc 05 
55 55 08 03 01 08 08 04 c4 09 
55 55 08 03 01 08 08 06 41 03 
55 55 08 03 01 08 08 01 88 02 （夹取）
55 55 08 03 01 08 08 03  dc 05
